2
3
1
7
9
0
882257655
2839729
578222249
190655643
545369916
121025241
88013605
595284148
862730641
716441899
481916202
1
304230542
839519198
282108618
818248907
623054385
919464709
997108565
466292223
99294365
3498250
950353402
86535915
94210377
548081512
288811208
551800215
190827096
381520720
639996782
269992827
500789210
441228562
462048268
454817564
575506710
21
727285659
468150604
420798258
858428932
494096404
867752564
121516611
809804050
1081
283776823
635998911
467717164
355334177
308550448
11747978
627243294
2
226670239
814352067
911910587
88865161
641863391
10252
82322392
17992160
281569055
163591667
878225923
585207611
291957261
992729801
217133164
713161380
494980147
199195175
44696876
587605078
762399418
526847755
0
575739570
441674312
833983141
649552154
941302858
481916202
324034997
870179510
10252
664348529
895867597
110290183
321944309
802399140
303998511
418552364
796108136
676164387
4
869715046
213000632
541731420